[int_cam01_img]
name = "int_cam01_img"
size = [ 1920.0, 1080.0]
matrix = [ [ 1256.8511700484776, 0.0, 959.5], [ 0.0, 1259.3950821914675, 539.5], [ 0.0, 0.0, 1.0]]
distortions = [ 0.09507572718104151, -0.34109317912818815, -0.010103498383350638, 0.004757419208375664]
rotation = [ -0.06230262654069201, -0.33879595130388307, 1.5637996060571295]
translation = [ 0.6006313585875679, -0.6767020434547886, 3.2048271764224747]
fisheye = false

[int_cam02_img]
name = "int_cam02_img"
size = [ 1920.0, 1080.0]
matrix = [ [ 1257.0500322643811, 0.0, 959.5], [ 0.0, 1262.0815620022415, 539.5], [ 0.0, 0.0, 1.0]]
distortions = [ 0.0956642942212307, -0.4408537386791935, -0.004590745613044109, -0.0021573984648213494]
rotation = [ 0.3003221285438425, -0.058998213530595915, 1.5430437978059037]
translation = [ 0.6100785116933299, -0.767690156676194, 2.807028630409031]
fisheye = false

[int_cam03_img]
name = "int_cam03_img"
size = [ 1920.0, 1080.0]
matrix = [ [ 1266.3182322754558, 0.0, 959.5], [ 0.0, 1265.8414409018635, 539.5], [ 0.0, 0.0, 1.0]]
distortions = [ 0.1521492770615526, -0.7926657314760097, -0.009860562237058368, -0.012789030639133406]
rotation = [ 0.6215967895002902, 0.29457641140770696, 1.538438789620943]
translation = [ 0.9248484276532635, -0.7473612094245988, 2.8652488149810478]
fisheye = false

[metadata]
adjusted = false
error = 0.0
