[int_cam01_img]
name = "int_cam01_img"
size = [ 1920.0, 1080.0]
matrix = [ [ 1235.5606731539401, 0.0, 959.5], [ 0.0, 1242.7193260507079, 539.5], [ 0.0, 0.0, 1.0]]
distortions = [ 0.07572837606599574, -0.07677432322165198, -0.014440810621458553, -0.01314630578939678]
rotation = [ -0.10924217027401134, 0.4442288241596542, -1.4961474365748948]
translation = [ 0.011064947745709318, 0.022049524582400226, 2.995258917300873]
fisheye = false

[int_cam02_img]
name = "int_cam02_img"
size = [ 1920.0, 1080.0]
matrix = [ [ 1245.6821444022846, 0.0, 959.5], [ 0.0, 1248.3125720665878, 539.5], [ 0.0, 0.0, 1.0]]
distortions = [ 0.1150795142082079, -0.4125134422864837, -0.00820445602179228, -0.0014162327687965099]
rotation = [ 0.20162131974192238, 0.12187066912003125, -1.5942392425992773]
translation = [ -0.12518859435070606, 0.025016255473652632, 2.8623692243095498]
fisheye = false

[int_cam03_img]
name = "int_cam03_img"
size = [ 1920.0, 1080.0]
matrix = [ [ 1236.4366603312146, 0.0, 959.5], [ 0.0, 1231.7282292677053, 539.5], [ 0.0, 0.0, 1.0]]
distortions = [ 0.09662870967961965, -0.46481534458854595, -0.004902869559636376, 0.006507772538019099]
rotation = [ 0.5503683909057373, -0.29476020442580336, -1.5842395693541913]
translation = [ -0.38486940851843626, 0.02370203989782368, 2.961999450787417]
fisheye = false

[metadata]
adjusted = false
error = 0.0
